[
    {
        "Iteration": 1,
        "N_State": [
            20,
            25
        ],
        "System_Throughput_Per_Classes": [
            78.80220646178093,
            61.1396429444852
        ],
        "Average_Number_Of_Customers_At_Devices": [
            [
                3.703703703703704,
                3.352490421455939
            ],
            [
                1.1111111111111112,
                20.593869731800766
            ],
            [
                15.185185185185185,
                1.0536398467432952
            ]
        ],
        "Residence_Time": [
            [
                0.04700000000000001,
                0.05483333333333334
            ],
            [
                0.014100000000000001,
                0.3368333333333333
            ],
            [
                0.1927,
                0.017233333333333337
            ]
        ]
    },
    {
        "Iteration": 2,
        "N_State": [
            20,
            25
        ],
        "System_Throughput_Per_Classes": [
            81.07138475205667,
            48.347479447690255
        ],
        "Average_Number_Of_Customers_At_Devices": [
            [
                1.9143407824786411,
                1.3405465549796673
            ],
            [
                1.6525982446958034,
                22.74489572875026
            ],
            [
                16.433060972825555,
                0.9145577162700692
            ]
        ],
        "Residence_Time": [
            [
                0.023613026819923374,
                0.027727330779054923
            ],
            [
                0.02038448275862069,
                0.47044636015325664
            ],
            [
                0.20269865900383144,
                0.018916347381864623
            ]
        ]
    },
    {
        "Iteration": 3,
        "N_State": [
            20,
            25
        ],
        "System_Throughput_Per_Classes": [
            79.73519433961097,
            44.53691660002184
        ],
        "Average_Number_Of_Customers_At_Devices": [
            [
                0.9948967560876878,
                0.6548899353015832
            ],
            [
                1.816637045041363,
                23.44804125454899
            ],
            [
                17.18846619887095,
                0.8970688101494206
            ]
        ],
        "Residence_Time": [
            [
                0.01247751089500313,
                0.014704429163406928
            ],
            [
                0.022783377655090146,
                0.5264855101023651
            ],
            [
                0.21556937737758844,
                0.020142140018489307
            ]
        ]
    },
    {
        "Iteration": 4,
        "N_State": [
            20,
            25
        ],
        "System_Throughput_Per_Classes": [
            78.26631923684229,
            43.50379916782024
        ],
        "Average_Number_Of_Customers_At_Devices": [
            [
                0.6104871172254777,
                0.3994766301780318
            ],
            [
                1.8436775595331218,
                23.688917899234546
            ],
            [
                17.545835323241402,
                0.9116054705874231
            ]
        ],
        "Residence_Time": [
            [
                0.0078001255607546595,
                0.009182568828920226
            ],
            [
                0.023556461802604456,
                0.5445252679622804
            ],
            [
                0.22418117389864495,
                0.02095461748227584
            ]
        ]
    },
    {
        "Iteration": 5,
        "N_State": [
            20,
            25
        ],
        "System_Throughput_Per_Classes": [
            77.4381833171829,
            43.22116233431384
        ],
        "Average_Number_Of_Customers_At_Devices": [
            [
                0.4598525714025019,
                0.3016381747447085
            ],
            [
                1.8427476950775539,
                23.775024925892158
            ],
            [
                17.697399733519944,
                0.9233368993631328
            ]
        ],
        "Residence_Time": [
            [
                0.005938318174626707,
                0.0069789463876873585
            ],
            [
                0.023796370422711908,
                0.5500783329701631
            ],
            [
                0.22853583304030112,
                0.02136307423250586
            ]
        ]
    },
    {
        "Iteration": 6,
        "N_State": [
            20,
            25
        ],
        "System_Throughput_Per_Classes": [
            77.05949421537996,
            43.14058178048891
        ],
        "Average_Number_Of_Customers_At_Devices": [
            [
                0.401903356904641,
                0.2641492760756867
            ],
            [
                1.8396468315400074,
                23.806508396094344
            ],
            [
                17.75844981155535,
                0.9293423278299713
            ]
        ],
        "Residence_Time": [
            [
                0.005215494352731256,
                0.006122988267050977
            ],
            [
                0.02387307171259425,
                0.5518355899145815
            ],
            [
                0.23045115974834707,
                0.021542183472599407
            ]
        ]
    },
    {
        "Iteration": 7,
        "N_State": [
            20,
            25
        ],
        "System_Throughput_Per_Classes": [
            76.9008866773424,
            43.11618808497251
        ],
        "Average_Number_Of_Customers_At_Devices": [
            [
                0.37972676550623924,
                0.24982396000888177
            ],
            [
                1.8378354959291292,
                23.818190302984068
            ],
            [
                17.78243773856463,
                0.931985737007049
            ]
        ],
        "Residence_Time": [
            [
                0.004937872395405287,
                0.005794203316780551
            ],
            [
                0.023898755597451617,
                0.5524187401734973
            ],
            [
                0.2312383966803329,
                0.021615680290899338
            ]
        ]
    },
    {
        "Iteration": 8,
        "N_State": [
            20,
            25
        ],
        "System_Throughput_Per_Classes": [
            76.83718969440098,
            43.10833723314218
        ],
        "Average_Number_Of_Customers_At_Devices": [
            [
                0.3712537240121756,
                0.24435754837668328
            ],
            [
                1.8370020645706941,
                23.822568594166892
            ],
            [
                17.79174421141713,
                0.9330738574564262
            ]
        ],
        "Residence_Time": [
            [
                0.004831693161719427,
                0.005668452184901681
            ],
            [
                0.023907720621705066,
                0.5526209110160675
            ],
            [
                0.2315512095403144,
                0.02164485845070054
            ]
        ]
    },
    {
        "Iteration": 9,
        "N_State": [
            20,
            25
        ],
        "System_Throughput_Per_Classes": [
            76.81216198821822,
            43.10567533841953
        ],
        "Average_Number_Of_Customers_At_Devices": [
            [
                0.3680182641160403,
                0.24227240483184317
            ],
            [
                1.8366516494707286,
                23.82422054526899
            ],
            [
                17.795330086413234,
                0.9335070498991639
            ]
        ],
        "Residence_Time": [
            [
                0.00479114575856475,
                0.005620429396588271
            ],
            [
                0.023910948499958146,
                0.5526933601718744
            ],
            [
                0.23167333955712321,
                0.02165624462603283
            ]
        ]
    }
]